# R[Mpc/h] 		      rho2h[g/cm3]          Pth2h[g cm^-1 s^-2]
4.999999999999999237e-03 2.618270934242747938e-29 2.751490979892967716e-14
5.838993118688259529e-03 2.617383733832416308e-29 2.749554969891851205e-14
6.818768128017769353e-03 2.616394364464526138e-29 2.747341678347436946e-14
7.962948035485325690e-03 2.614729847282972680e-29 2.744741507546696612e-14
9.299119756734202866e-03 2.612742997193979042e-29 2.741399580629183163e-14
1.085949925388581157e-02 2.610148224330089489e-29 2.736782781891133806e-14
1.268170828316790913e-02 2.607321110310440424e-29 2.731645739095418349e-14
1.480968147972586656e-02 2.603586669167293118e-29 2.724806351036433444e-14
1.729472565001686016e-02 2.598714872296284476e-29 2.716307332677212162e-14
2.019675681200996942e-02 2.592466273056603281e-29 2.706000585811806428e-14
2.358574480902929024e-02 2.584806579527857772e-29 2.692004652265542090e-14
2.754340032781188788e-02 2.575182911247127929e-29 2.674763578770746694e-14
3.216514499587391773e-02 2.563347915176872614e-29 2.654120016556515949e-14
3.756241205850358728e-02 2.549073885302699444e-29 2.628719952876999402e-14
4.386533310618707243e-02 2.531580039566457857e-29 2.598453540984018233e-14
5.122587563119895132e-02 2.510178316813152019e-29 2.562497544863164912e-14
5.982150706187026185e-02 2.483966106988028524e-29 2.520284692708922264e-14
6.985947361676432543e-02 2.452725155357683242e-29 2.471690045820780001e-14
8.158179714469422639e-02 2.416377331657314424e-29 2.418123821017286189e-14
9.527111042761822468e-02 2.373359060543518973e-29 2.353042319502274649e-14
1.112574716393304325e-01 2.324564651281875056e-29 2.280637819578222734e-14
1.299263222609410018e-01 2.268564873729186883e-29 2.202705273781179367e-14
1.517277803236215528e-01 2.206217957048111193e-29 2.118276624497907384e-14
1.771874930446940555e-01 2.136511223039484019e-29 2.028767490298870059e-14
2.069193105211186157e-01 2.062098417641808487e-29 1.928924866550514023e-14
2.416400860513061855e-01 1.976714177859083127e-29 1.825975692611017153e-14
2.821869599305631415e-01 1.885493787164629467e-29 1.716348972683359832e-14
3.295375434436236262e-01 1.789421230905669596e-29 1.604476268280970278e-14
3.848334897033505730e-01 1.688181542329838820e-29 1.489986535587761221e-14
4.494080196437306718e-01 1.581790287793085824e-29 1.374107168462487489e-14
5.248180668366125845e-01 1.472336496194130193e-29 1.258067825694042138e-14
6.128818161644512541e-01 1.361310943265311154e-29 1.144019516313607165e-14
7.157225414306788158e-01 1.249077249288084029e-29 1.032925944111152182e-14
8.358197988607614093e-01 1.137464909667880694e-29 9.251966611485096286e-15
9.760692108022782643e-01 1.027606070764040262e-29 8.227280563030819913e-15
1.139852281047596616e+00 9.212346267869875192e-30 7.269240224986001390e-15
1.331117925071608088e+00 8.189669712163945643e-30 6.360424797785021405e-15
1.554477680931142913e+00 7.218328515111470686e-30 5.536101749394299826e-15
1.815316896422285664e+00 6.308114584067706573e-30 4.774224007802583545e-15
2.119924573289651004e+00 5.469180596647709917e-30 4.089881947029861928e-15
2.475644999115283795e+00 4.689615038357133966e-30 3.471546340910047734e-15
2.891054822829829174e+00 3.980663869180243879e-30 2.927149441266113813e-15
3.376169843250778957e+00 3.354875454348986625e-30 2.443075132559373557e-15
3.942686496452824318e+00 2.791231382619242046e-30 2.019357333523417481e-15
4.604263864386632932e+00 2.306812732981102104e-30 1.660170082722305835e-15
5.376853004155713656e+00 1.872691355954030531e-30 1.341104704988826752e-15
6.279081538292701659e+00 1.514658284834591463e-30 1.082700622540113486e-15
7.332702778754716100e+00 1.196549718849060260e-30 8.528035872974859142e-16
8.563120213307023221e+00 9.472798710328329015e-31 6.724522766896366154e-16
1.000000000000000000e+01 7.214389710425451540e-31 5.131766200020638630e-16
