# multipole bin left edge,multipole bin right edge,binned MV clkk
2.000000000000000000e+01 1.200000000000000000e+02 1.891575034582600471e-07
1.200000000000000000e+02 2.200000000000000000e+02 1.135687442946287777e-07
2.200000000000000000e+02 3.200000000000000000e+02 6.917033661513168914e-08
3.200000000000000000e+02 4.200000000000000000e+02 4.863075649897663594e-08
4.200000000000000000e+02 5.200000000000000000e+02 3.285143751849721399e-08
5.200000000000000000e+02 6.200000000000000000e+02 2.649672877977421827e-08
6.200000000000000000e+02 7.200000000000000000e+02 2.107847651885531065e-08
7.200000000000000000e+02 8.200000000000000000e+02 1.678489690253242963e-08
8.200000000000000000e+02 9.200000000000000000e+02 1.369501702901446345e-08
9.200000000000000000e+02 1.020000000000000000e+03 1.168092334547864241e-08
1.020000000000000000e+03 1.120000000000000000e+03 9.542427891025725062e-09
1.120000000000000000e+03 1.220000000000000000e+03 8.350573026480831734e-09
1.220000000000000000e+03 1.320000000000000000e+03 6.350328255809522077e-09
1.320000000000000000e+03 1.420000000000000000e+03 6.926641139931745699e-09
1.420000000000000000e+03 1.520000000000000000e+03 6.446363447833194928e-09
1.520000000000000000e+03 1.620000000000000000e+03 5.029338741435037281e-09
1.620000000000000000e+03 1.720000000000000000e+03 4.942482673700548167e-09
1.720000000000000000e+03 1.820000000000000000e+03 4.302046876651400625e-09
1.820000000000000000e+03 1.920000000000000000e+03 5.290754718414583545e-09
1.920000000000000000e+03 2.020000000000000000e+03 4.005291619634449148e-09
2.020000000000000000e+03 2.120000000000000000e+03 2.520778951332425562e-09
2.120000000000000000e+03 2.220000000000000000e+03 3.410313351856413962e-09
2.220000000000000000e+03 2.320000000000000000e+03 1.648477304055144226e-09
2.320000000000000000e+03 2.420000000000000000e+03 3.942363185530467663e-09
