# multipole bin left edge,multipole bin right edge,binned MV clkk
2.000000000000000000e+01 1.200000000000000000e+02 1.938439982679556084e-07
1.200000000000000000e+02 2.200000000000000000e+02 1.114399904119418750e-07
2.200000000000000000e+02 3.200000000000000000e+02 7.036992674766263884e-08
3.200000000000000000e+02 4.200000000000000000e+02 4.728600607847876654e-08
4.200000000000000000e+02 5.200000000000000000e+02 3.473793298220360444e-08
5.200000000000000000e+02 6.200000000000000000e+02 2.554572497330878177e-08
6.200000000000000000e+02 7.200000000000000000e+02 2.077505143075178485e-08
7.200000000000000000e+02 8.200000000000000000e+02 1.757010528546540761e-08
8.200000000000000000e+02 9.200000000000000000e+02 1.335069881549384711e-08
9.200000000000000000e+02 1.020000000000000000e+03 1.192428943515718546e-08
1.020000000000000000e+03 1.120000000000000000e+03 1.010003067882803360e-08
1.120000000000000000e+03 1.220000000000000000e+03 8.488237405054165403e-09
1.220000000000000000e+03 1.320000000000000000e+03 6.774373060953046513e-09
1.320000000000000000e+03 1.420000000000000000e+03 6.825846368827607676e-09
1.420000000000000000e+03 1.520000000000000000e+03 6.430893096233345053e-09
1.520000000000000000e+03 1.620000000000000000e+03 5.347807551929787561e-09
1.620000000000000000e+03 1.720000000000000000e+03 5.286139942946514380e-09
1.720000000000000000e+03 1.820000000000000000e+03 4.179983273472341424e-09
1.820000000000000000e+03 1.920000000000000000e+03 4.090565474242096668e-09
1.920000000000000000e+03 2.020000000000000000e+03 3.733078095028532343e-09
2.020000000000000000e+03 2.120000000000000000e+03 2.085124062634330600e-09
2.120000000000000000e+03 2.220000000000000000e+03 3.267657311918866780e-09
2.220000000000000000e+03 2.320000000000000000e+03 1.870620103230325094e-09
2.320000000000000000e+03 2.420000000000000000e+03 3.157341375200039777e-09
