# multipole bin left edge,multipole bin right edge,binned MV clkk
2.000000000000000000e+01 1.200000000000000000e+02 1.968646867733285693e-07
1.200000000000000000e+02 2.200000000000000000e+02 1.117968283578425846e-07
2.200000000000000000e+02 3.200000000000000000e+02 6.753889477659365371e-08
3.200000000000000000e+02 4.200000000000000000e+02 4.747523888804280480e-08
4.200000000000000000e+02 5.200000000000000000e+02 3.481549536280860986e-08
5.200000000000000000e+02 6.200000000000000000e+02 2.565204341216335767e-08
6.200000000000000000e+02 7.200000000000000000e+02 1.999730636909530351e-08
7.200000000000000000e+02 8.200000000000000000e+02 1.737967367226969740e-08
8.200000000000000000e+02 9.200000000000000000e+02 1.342941098480317444e-08
9.200000000000000000e+02 1.020000000000000000e+03 1.116543594053320266e-08
1.020000000000000000e+03 1.120000000000000000e+03 9.588501436219754750e-09
1.120000000000000000e+03 1.220000000000000000e+03 8.755545719115783200e-09
1.220000000000000000e+03 1.320000000000000000e+03 7.260844568930590517e-09
1.320000000000000000e+03 1.420000000000000000e+03 6.942450120829319976e-09
1.420000000000000000e+03 1.520000000000000000e+03 5.544570840532581098e-09
1.520000000000000000e+03 1.620000000000000000e+03 5.136917747511057570e-09
1.620000000000000000e+03 1.720000000000000000e+03 4.624343389384264312e-09
1.720000000000000000e+03 1.820000000000000000e+03 4.447889533896760399e-09
1.820000000000000000e+03 1.920000000000000000e+03 4.673652013827832822e-09
1.920000000000000000e+03 2.020000000000000000e+03 4.516109563664945025e-09
2.020000000000000000e+03 2.120000000000000000e+03 2.299735941344599735e-09
2.120000000000000000e+03 2.220000000000000000e+03 2.354718327625765943e-09
2.220000000000000000e+03 2.320000000000000000e+03 2.635526208468438874e-09
2.320000000000000000e+03 2.420000000000000000e+03 1.511340100115885838e-09
