# multipole bin left edge,multipole bin right edge,binned MV clkk
2.000000000000000000e+01 1.200000000000000000e+02 1.984938000001559794e-07
1.200000000000000000e+02 2.200000000000000000e+02 1.124130794153993280e-07
2.200000000000000000e+02 3.200000000000000000e+02 6.795646481480215794e-08
3.200000000000000000e+02 4.200000000000000000e+02 4.757291809373114283e-08
4.200000000000000000e+02 5.200000000000000000e+02 3.658892987255447824e-08
5.200000000000000000e+02 6.200000000000000000e+02 2.618362512048597094e-08
6.200000000000000000e+02 7.200000000000000000e+02 2.006773960728545394e-08
7.200000000000000000e+02 8.200000000000000000e+02 1.689493105618113568e-08
8.200000000000000000e+02 9.200000000000000000e+02 1.431633509536903089e-08
9.200000000000000000e+02 1.020000000000000000e+03 1.109928687759581423e-08
1.020000000000000000e+03 1.120000000000000000e+03 9.380146542949112308e-09
1.120000000000000000e+03 1.220000000000000000e+03 8.500120251169268894e-09
1.220000000000000000e+03 1.320000000000000000e+03 7.721481291260189660e-09
1.320000000000000000e+03 1.420000000000000000e+03 7.081255285860810048e-09
1.420000000000000000e+03 1.520000000000000000e+03 5.281362249271798934e-09
1.520000000000000000e+03 1.620000000000000000e+03 4.627760428570284698e-09
1.620000000000000000e+03 1.720000000000000000e+03 3.795847861327895224e-09
1.720000000000000000e+03 1.820000000000000000e+03 4.485003721832275520e-09
1.820000000000000000e+03 1.920000000000000000e+03 4.055844651733873300e-09
1.920000000000000000e+03 2.020000000000000000e+03 3.361101766283721661e-09
2.020000000000000000e+03 2.120000000000000000e+03 4.130896839382583560e-09
2.120000000000000000e+03 2.220000000000000000e+03 3.547468823549134709e-09
2.220000000000000000e+03 2.320000000000000000e+03 4.094609852836126189e-09
2.320000000000000000e+03 2.420000000000000000e+03 2.358058325905051712e-09
