# multipole bin left edge,multipole bin right edge,binned MV clkk
2.000000000000000000e+01 1.200000000000000000e+02 1.884416348345614029e-07
1.200000000000000000e+02 2.200000000000000000e+02 1.114880850684014867e-07
2.200000000000000000e+02 3.200000000000000000e+02 6.937064474633612062e-08
3.200000000000000000e+02 4.200000000000000000e+02 4.537767342927763712e-08
4.200000000000000000e+02 5.200000000000000000e+02 3.460653232560911630e-08
5.200000000000000000e+02 6.200000000000000000e+02 2.490601393311444299e-08
6.200000000000000000e+02 7.200000000000000000e+02 2.175019229104765547e-08
7.200000000000000000e+02 8.200000000000000000e+02 1.640892285109588291e-08
8.200000000000000000e+02 9.200000000000000000e+02 1.294611579426834918e-08
9.200000000000000000e+02 1.020000000000000000e+03 1.222754437714611379e-08
1.020000000000000000e+03 1.120000000000000000e+03 9.473127687806900373e-09
1.120000000000000000e+03 1.220000000000000000e+03 7.666743929412851349e-09
1.220000000000000000e+03 1.320000000000000000e+03 7.698574329130660757e-09
1.320000000000000000e+03 1.420000000000000000e+03 7.122216251651847716e-09
1.420000000000000000e+03 1.520000000000000000e+03 5.507927042580146390e-09
1.520000000000000000e+03 1.620000000000000000e+03 6.191383527110156833e-09
1.620000000000000000e+03 1.720000000000000000e+03 4.409133808816193151e-09
1.720000000000000000e+03 1.820000000000000000e+03 3.153703433186249008e-09
1.820000000000000000e+03 1.920000000000000000e+03 3.474552752375293599e-09
1.920000000000000000e+03 2.020000000000000000e+03 4.277746949804231059e-09
2.020000000000000000e+03 2.120000000000000000e+03 2.083628370082152422e-09
2.120000000000000000e+03 2.220000000000000000e+03 1.979495810194282999e-09
2.220000000000000000e+03 2.320000000000000000e+03 3.630141403246169057e-09
2.320000000000000000e+03 2.420000000000000000e+03 1.739022256425650618e-09
