# multipole bin left edge,multipole bin right edge,binned MV clkk
2.000000000000000000e+01 1.200000000000000000e+02 1.984356928057898132e-07
1.200000000000000000e+02 2.200000000000000000e+02 1.107394468494963703e-07
2.200000000000000000e+02 3.200000000000000000e+02 6.857523318701153575e-08
3.200000000000000000e+02 4.200000000000000000e+02 4.827491747295644723e-08
4.200000000000000000e+02 5.200000000000000000e+02 3.506345331343814622e-08
5.200000000000000000e+02 6.200000000000000000e+02 2.573753257459156110e-08
6.200000000000000000e+02 7.200000000000000000e+02 1.996669575580852266e-08
7.200000000000000000e+02 8.200000000000000000e+02 1.748265703113232040e-08
8.200000000000000000e+02 9.200000000000000000e+02 1.419484534733495995e-08
9.200000000000000000e+02 1.020000000000000000e+03 1.153398584737835415e-08
1.020000000000000000e+03 1.120000000000000000e+03 8.855319101021316287e-09
1.120000000000000000e+03 1.220000000000000000e+03 7.932649800259835463e-09
1.220000000000000000e+03 1.320000000000000000e+03 8.095081236591330423e-09
1.320000000000000000e+03 1.420000000000000000e+03 7.082582954431439671e-09
1.420000000000000000e+03 1.520000000000000000e+03 6.136109605101378861e-09
1.520000000000000000e+03 1.620000000000000000e+03 5.294569888116144105e-09
1.620000000000000000e+03 1.720000000000000000e+03 5.133572054880966890e-09
1.720000000000000000e+03 1.820000000000000000e+03 4.173160532010960208e-09
1.820000000000000000e+03 1.920000000000000000e+03 4.289641046005709027e-09
1.920000000000000000e+03 2.020000000000000000e+03 4.485226671382104738e-09
2.020000000000000000e+03 2.120000000000000000e+03 4.101987108995440396e-09
2.120000000000000000e+03 2.220000000000000000e+03 3.387242268965946437e-09
2.220000000000000000e+03 2.320000000000000000e+03 2.207339471506727132e-09
2.320000000000000000e+03 2.420000000000000000e+03 2.530808706282219483e-09
