# multipole bin left edge,multipole bin right edge,binned MV clkk
2.000000000000000000e+01 1.200000000000000000e+02 1.980464416065648566e-07
1.200000000000000000e+02 2.200000000000000000e+02 1.104790300485385571e-07
2.200000000000000000e+02 3.200000000000000000e+02 7.098644737976333553e-08
3.200000000000000000e+02 4.200000000000000000e+02 4.704706207411596945e-08
4.200000000000000000e+02 5.200000000000000000e+02 3.577896936812821398e-08
5.200000000000000000e+02 6.200000000000000000e+02 2.703041393438855076e-08
6.200000000000000000e+02 7.200000000000000000e+02 1.993399678623522889e-08
7.200000000000000000e+02 8.200000000000000000e+02 1.692138101659659032e-08
8.200000000000000000e+02 9.200000000000000000e+02 1.404112635849495915e-08
9.200000000000000000e+02 1.020000000000000000e+03 1.179780414214678409e-08
1.020000000000000000e+03 1.120000000000000000e+03 8.962333473646101667e-09
1.120000000000000000e+03 1.220000000000000000e+03 9.827591573940982645e-09
1.220000000000000000e+03 1.320000000000000000e+03 7.465525661107716092e-09
1.320000000000000000e+03 1.420000000000000000e+03 7.129776270480974396e-09
1.420000000000000000e+03 1.520000000000000000e+03 5.680781619710085687e-09
1.520000000000000000e+03 1.620000000000000000e+03 5.567009285553086262e-09
1.620000000000000000e+03 1.720000000000000000e+03 4.975651472412476817e-09
1.720000000000000000e+03 1.820000000000000000e+03 3.840732952742210790e-09
1.820000000000000000e+03 1.920000000000000000e+03 3.622806826957687161e-09
1.920000000000000000e+03 2.020000000000000000e+03 3.632995176250030254e-09
2.020000000000000000e+03 2.120000000000000000e+03 2.512690121704650552e-09
2.120000000000000000e+03 2.220000000000000000e+03 2.338762054710187812e-09
2.220000000000000000e+03 2.320000000000000000e+03 1.953460892856102897e-09
2.320000000000000000e+03 2.420000000000000000e+03 2.922064475892109243e-09
