# multipole bin left edge,multipole bin right edge,binned MV clkk
2.000000000000000000e+01 1.200000000000000000e+02 1.954604266484835686e-07
1.200000000000000000e+02 2.200000000000000000e+02 1.102365539881991831e-07
2.200000000000000000e+02 3.200000000000000000e+02 6.733053553147123621e-08
3.200000000000000000e+02 4.200000000000000000e+02 4.711588488670215303e-08
4.200000000000000000e+02 5.200000000000000000e+02 3.546220915173697325e-08
5.200000000000000000e+02 6.200000000000000000e+02 2.594612662478394930e-08
6.200000000000000000e+02 7.200000000000000000e+02 2.050211822394170572e-08
7.200000000000000000e+02 8.200000000000000000e+02 1.574603162317677788e-08
8.200000000000000000e+02 9.200000000000000000e+02 1.356816312987974583e-08
9.200000000000000000e+02 1.020000000000000000e+03 1.071013457814500761e-08
1.020000000000000000e+03 1.120000000000000000e+03 1.080175696768396261e-08
1.120000000000000000e+03 1.220000000000000000e+03 7.925799992168690784e-09
1.220000000000000000e+03 1.320000000000000000e+03 7.124168729896986387e-09
1.320000000000000000e+03 1.420000000000000000e+03 7.589968062393711019e-09
1.420000000000000000e+03 1.520000000000000000e+03 5.763099486306236230e-09
1.520000000000000000e+03 1.620000000000000000e+03 5.217586016542364385e-09
1.620000000000000000e+03 1.720000000000000000e+03 4.293821342588888932e-09
1.720000000000000000e+03 1.820000000000000000e+03 4.687027671367391857e-09
1.820000000000000000e+03 1.920000000000000000e+03 4.517711028495811288e-09
1.920000000000000000e+03 2.020000000000000000e+03 3.820539630933142375e-09
2.020000000000000000e+03 2.120000000000000000e+03 3.016854915665855634e-09
2.120000000000000000e+03 2.220000000000000000e+03 2.581000992409087997e-09
2.220000000000000000e+03 2.320000000000000000e+03 2.240323234941417013e-09
2.320000000000000000e+03 2.420000000000000000e+03 2.704666775247023153e-09
