# multipole bin left edge,multipole bin right edge,binned MV clkk
2.000000000000000000e+01 1.200000000000000000e+02 1.924026023331423376e-07
1.200000000000000000e+02 2.200000000000000000e+02 1.088317105176366289e-07
2.200000000000000000e+02 3.200000000000000000e+02 7.012226116411484838e-08
3.200000000000000000e+02 4.200000000000000000e+02 4.658393618843963307e-08
4.200000000000000000e+02 5.200000000000000000e+02 3.492494915375053242e-08
5.200000000000000000e+02 6.200000000000000000e+02 2.719284954610095007e-08
6.200000000000000000e+02 7.200000000000000000e+02 1.994352192085092161e-08
7.200000000000000000e+02 8.200000000000000000e+02 1.755211873231641498e-08
8.200000000000000000e+02 9.200000000000000000e+02 1.376432339300796691e-08
9.200000000000000000e+02 1.020000000000000000e+03 1.129398279126771853e-08
1.020000000000000000e+03 1.120000000000000000e+03 9.967195025834000446e-09
1.120000000000000000e+03 1.220000000000000000e+03 8.227344745094912965e-09
1.220000000000000000e+03 1.320000000000000000e+03 8.332833208327954159e-09
1.320000000000000000e+03 1.420000000000000000e+03 6.076972527691834656e-09
1.420000000000000000e+03 1.520000000000000000e+03 5.354078601562885545e-09
1.520000000000000000e+03 1.620000000000000000e+03 5.343721895691674876e-09
1.620000000000000000e+03 1.720000000000000000e+03 4.488022755182705944e-09
1.720000000000000000e+03 1.820000000000000000e+03 3.095223598604141297e-09
1.820000000000000000e+03 1.920000000000000000e+03 4.111953889488231845e-09
1.920000000000000000e+03 2.020000000000000000e+03 3.552652421303452759e-09
2.020000000000000000e+03 2.120000000000000000e+03 4.023275583867717402e-09
2.120000000000000000e+03 2.220000000000000000e+03 3.361134663169235015e-09
2.220000000000000000e+03 2.320000000000000000e+03 3.864311350628584353e-09
2.320000000000000000e+03 2.420000000000000000e+03 3.351245303128758279e-09
