# multipole bin left edge,multipole bin right edge,binned MV clkk
2.000000000000000000e+01 1.200000000000000000e+02 1.965430701205186577e-07
1.200000000000000000e+02 2.200000000000000000e+02 1.122797819902552964e-07
2.200000000000000000e+02 3.200000000000000000e+02 6.851095921923319075e-08
3.200000000000000000e+02 4.200000000000000000e+02 4.692386248913477885e-08
4.200000000000000000e+02 5.200000000000000000e+02 3.433857237017070574e-08
5.200000000000000000e+02 6.200000000000000000e+02 2.600752576929921612e-08
6.200000000000000000e+02 7.200000000000000000e+02 1.987551135248993045e-08
7.200000000000000000e+02 8.200000000000000000e+02 1.754162634810543712e-08
8.200000000000000000e+02 9.200000000000000000e+02 1.350433787391766009e-08
9.200000000000000000e+02 1.020000000000000000e+03 1.132450292119914275e-08
1.020000000000000000e+03 1.120000000000000000e+03 9.151313164293573535e-09
1.120000000000000000e+03 1.220000000000000000e+03 8.430933132964263812e-09
1.220000000000000000e+03 1.320000000000000000e+03 7.818525496729641876e-09
1.320000000000000000e+03 1.420000000000000000e+03 6.562878343437267179e-09
1.420000000000000000e+03 1.520000000000000000e+03 5.476194113681117709e-09
1.520000000000000000e+03 1.620000000000000000e+03 5.296379468175288974e-09
1.620000000000000000e+03 1.720000000000000000e+03 5.314420055288791369e-09
1.720000000000000000e+03 1.820000000000000000e+03 4.743298248339576171e-09
1.820000000000000000e+03 1.920000000000000000e+03 3.294921927564533929e-09
1.920000000000000000e+03 2.020000000000000000e+03 2.974521898360490769e-09
2.020000000000000000e+03 2.120000000000000000e+03 2.599392476396248220e-09
2.120000000000000000e+03 2.220000000000000000e+03 4.197628359815640719e-09
2.220000000000000000e+03 2.320000000000000000e+03 2.764417620776418606e-09
2.320000000000000000e+03 2.420000000000000000e+03 2.528790438942456005e-09
