# multipole bin left edge,multipole bin right edge,binned MV clkk
2.000000000000000000e+01 1.200000000000000000e+02 1.902618973682567955e-07
1.200000000000000000e+02 2.200000000000000000e+02 1.124930056512838897e-07
2.200000000000000000e+02 3.200000000000000000e+02 7.054228453965462530e-08
3.200000000000000000e+02 4.200000000000000000e+02 4.620497260145330044e-08
4.200000000000000000e+02 5.200000000000000000e+02 3.423758863466949179e-08
5.200000000000000000e+02 6.200000000000000000e+02 2.534910920547711946e-08
6.200000000000000000e+02 7.200000000000000000e+02 2.129682195372330608e-08
7.200000000000000000e+02 8.200000000000000000e+02 1.748999988406422463e-08
8.200000000000000000e+02 9.200000000000000000e+02 1.306754638496861878e-08
9.200000000000000000e+02 1.020000000000000000e+03 1.119918522737458387e-08
1.020000000000000000e+03 1.120000000000000000e+03 9.327639213647156632e-09
1.120000000000000000e+03 1.220000000000000000e+03 8.648345208607565293e-09
1.220000000000000000e+03 1.320000000000000000e+03 7.956832269083162620e-09
1.320000000000000000e+03 1.420000000000000000e+03 6.185435621626753270e-09
1.420000000000000000e+03 1.520000000000000000e+03 6.348927221450293222e-09
1.520000000000000000e+03 1.620000000000000000e+03 5.143925068983090004e-09
1.620000000000000000e+03 1.720000000000000000e+03 4.108574983604939410e-09
1.720000000000000000e+03 1.820000000000000000e+03 3.513894216203716134e-09
1.820000000000000000e+03 1.920000000000000000e+03 4.151364490964008660e-09
1.920000000000000000e+03 2.020000000000000000e+03 3.131360356333779789e-09
2.020000000000000000e+03 2.120000000000000000e+03 3.119571597846434764e-09
2.120000000000000000e+03 2.220000000000000000e+03 2.353419061665044962e-09
2.220000000000000000e+03 2.320000000000000000e+03 3.440758155003356459e-09
2.320000000000000000e+03 2.420000000000000000e+03 2.480956995678019719e-09
