# multipole bin left edge,multipole bin right edge,binned MV clkk
2.000000000000000000e+01 1.200000000000000000e+02 2.001618306383567537e-07
1.200000000000000000e+02 2.200000000000000000e+02 1.126830665947282277e-07
2.200000000000000000e+02 3.200000000000000000e+02 6.829365775829961780e-08
3.200000000000000000e+02 4.200000000000000000e+02 4.671461406267817605e-08
4.200000000000000000e+02 5.200000000000000000e+02 3.487128483176692497e-08
5.200000000000000000e+02 6.200000000000000000e+02 2.738730259049838757e-08
6.200000000000000000e+02 7.200000000000000000e+02 2.082161677744051131e-08
7.200000000000000000e+02 8.200000000000000000e+02 1.699726170250701136e-08
8.200000000000000000e+02 9.200000000000000000e+02 1.339913769586927075e-08
9.200000000000000000e+02 1.020000000000000000e+03 1.083900838726373931e-08
1.020000000000000000e+03 1.120000000000000000e+03 1.005637819724339477e-08
1.120000000000000000e+03 1.220000000000000000e+03 9.038111665086098129e-09
1.220000000000000000e+03 1.320000000000000000e+03 7.719553334909560158e-09
1.320000000000000000e+03 1.420000000000000000e+03 7.418869564462392644e-09
1.420000000000000000e+03 1.520000000000000000e+03 5.545816516715018038e-09
1.520000000000000000e+03 1.620000000000000000e+03 5.105812405200458983e-09
1.620000000000000000e+03 1.720000000000000000e+03 4.913697096500616974e-09
1.720000000000000000e+03 1.820000000000000000e+03 3.287232602471166131e-09
1.820000000000000000e+03 1.920000000000000000e+03 3.651446034179292135e-09
1.920000000000000000e+03 2.020000000000000000e+03 3.747322284968786324e-09
2.020000000000000000e+03 2.120000000000000000e+03 3.372273021911632789e-09
2.120000000000000000e+03 2.220000000000000000e+03 3.500871485223482722e-09
2.220000000000000000e+03 2.320000000000000000e+03 2.771857881553660306e-09
2.320000000000000000e+03 2.420000000000000000e+03 2.964589094541926192e-09
