# multipole bin left edge,multipole bin right edge,binned MV clkk
2.000000000000000000e+01 1.200000000000000000e+02 1.963033535700921016e-07
1.200000000000000000e+02 2.200000000000000000e+02 1.082576200793411132e-07
2.200000000000000000e+02 3.200000000000000000e+02 6.811851697009313036e-08
3.200000000000000000e+02 4.200000000000000000e+02 4.661915604642847536e-08
4.200000000000000000e+02 5.200000000000000000e+02 3.387495720804023874e-08
5.200000000000000000e+02 6.200000000000000000e+02 2.567039571989335258e-08
6.200000000000000000e+02 7.200000000000000000e+02 2.071903436610846758e-08
7.200000000000000000e+02 8.200000000000000000e+02 1.775281429980792428e-08
8.200000000000000000e+02 9.200000000000000000e+02 1.360237087280102835e-08
9.200000000000000000e+02 1.020000000000000000e+03 1.184517055251609991e-08
1.020000000000000000e+03 1.120000000000000000e+03 9.319424990259619486e-09
1.120000000000000000e+03 1.220000000000000000e+03 8.492591362356690291e-09
1.220000000000000000e+03 1.320000000000000000e+03 7.877045693519178538e-09
1.320000000000000000e+03 1.420000000000000000e+03 6.473809297842232563e-09
1.420000000000000000e+03 1.520000000000000000e+03 5.488000521535300065e-09
1.520000000000000000e+03 1.620000000000000000e+03 5.686507377808339011e-09
1.620000000000000000e+03 1.720000000000000000e+03 4.433320615707509187e-09
1.720000000000000000e+03 1.820000000000000000e+03 4.216126910907947443e-09
1.820000000000000000e+03 1.920000000000000000e+03 3.823872825317142309e-09
1.920000000000000000e+03 2.020000000000000000e+03 4.547764588793964044e-09
2.020000000000000000e+03 2.120000000000000000e+03 3.906937277112195058e-09
2.120000000000000000e+03 2.220000000000000000e+03 2.578299448821282009e-09
2.220000000000000000e+03 2.320000000000000000e+03 2.740025524466389425e-09
2.320000000000000000e+03 2.420000000000000000e+03 2.767145043130977605e-09
