# multipole bin left edge,multipole bin right edge,binned MV clkk
2.000000000000000000e+01 1.200000000000000000e+02 1.971220119641323373e-07
1.200000000000000000e+02 2.200000000000000000e+02 1.092677848443624444e-07
2.200000000000000000e+02 3.200000000000000000e+02 6.820916579802510506e-08
3.200000000000000000e+02 4.200000000000000000e+02 4.742811519622285170e-08
4.200000000000000000e+02 5.200000000000000000e+02 3.455159409290434076e-08
5.200000000000000000e+02 6.200000000000000000e+02 2.594460464693600283e-08
6.200000000000000000e+02 7.200000000000000000e+02 2.023127019019318926e-08
7.200000000000000000e+02 8.200000000000000000e+02 1.645903951164772843e-08
8.200000000000000000e+02 9.200000000000000000e+02 1.246492507793035181e-08
9.200000000000000000e+02 1.020000000000000000e+03 1.130915896702368713e-08
1.020000000000000000e+03 1.120000000000000000e+03 9.526995246246109642e-09
1.120000000000000000e+03 1.220000000000000000e+03 9.503084547899492737e-09
1.220000000000000000e+03 1.320000000000000000e+03 7.232266738909684799e-09
1.320000000000000000e+03 1.420000000000000000e+03 6.065339497909099905e-09
1.420000000000000000e+03 1.520000000000000000e+03 5.254033422681772316e-09
1.520000000000000000e+03 1.620000000000000000e+03 4.196522258180136517e-09
1.620000000000000000e+03 1.720000000000000000e+03 4.551507571468414190e-09
1.720000000000000000e+03 1.820000000000000000e+03 4.384628038431559619e-09
1.820000000000000000e+03 1.920000000000000000e+03 3.616413487818825600e-09
1.920000000000000000e+03 2.020000000000000000e+03 3.665941582140321424e-09
2.020000000000000000e+03 2.120000000000000000e+03 2.618956082802407816e-09
2.120000000000000000e+03 2.220000000000000000e+03 3.879910258792068994e-09
2.220000000000000000e+03 2.320000000000000000e+03 2.689817534360669626e-09
2.320000000000000000e+03 2.420000000000000000e+03 3.167068440536376151e-09
