# multipole bin left edge,multipole bin right edge,binned MV clkk
2.000000000000000000e+01 1.200000000000000000e+02 1.939968835089699342e-07
1.200000000000000000e+02 2.200000000000000000e+02 1.104614141323517487e-07
2.200000000000000000e+02 3.200000000000000000e+02 6.925043966906909399e-08
3.200000000000000000e+02 4.200000000000000000e+02 4.775083067115993025e-08
4.200000000000000000e+02 5.200000000000000000e+02 3.414541286751528720e-08
5.200000000000000000e+02 6.200000000000000000e+02 2.696320907526028862e-08
6.200000000000000000e+02 7.200000000000000000e+02 2.070065569219540101e-08
7.200000000000000000e+02 8.200000000000000000e+02 1.617405659868146876e-08
8.200000000000000000e+02 9.200000000000000000e+02 1.430413151840683572e-08
9.200000000000000000e+02 1.020000000000000000e+03 1.161369921261343963e-08
1.020000000000000000e+03 1.120000000000000000e+03 1.001370960562201040e-08
1.120000000000000000e+03 1.220000000000000000e+03 8.349699448169141236e-09
1.220000000000000000e+03 1.320000000000000000e+03 7.854936935869588367e-09
1.320000000000000000e+03 1.420000000000000000e+03 6.760716795505376013e-09
1.420000000000000000e+03 1.520000000000000000e+03 5.550313840280296954e-09
1.520000000000000000e+03 1.620000000000000000e+03 4.987486968061948556e-09
1.620000000000000000e+03 1.720000000000000000e+03 4.432612431105742709e-09
1.720000000000000000e+03 1.820000000000000000e+03 4.481756989853624261e-09
1.820000000000000000e+03 1.920000000000000000e+03 3.481481993464681802e-09
1.920000000000000000e+03 2.020000000000000000e+03 3.762486120371958291e-09
2.020000000000000000e+03 2.120000000000000000e+03 3.240055811808149223e-09
2.120000000000000000e+03 2.220000000000000000e+03 4.617697586045830281e-09
2.220000000000000000e+03 2.320000000000000000e+03 2.876675836382372445e-09
2.320000000000000000e+03 2.420000000000000000e+03 2.322441674492715579e-09
