# multipole bin left edge,multipole bin right edge,binned MV clkk
2.000000000000000000e+01 1.200000000000000000e+02 1.931679405741621506e-07
1.200000000000000000e+02 2.200000000000000000e+02 1.099614595673932106e-07
2.200000000000000000e+02 3.200000000000000000e+02 7.029628888945527763e-08
3.200000000000000000e+02 4.200000000000000000e+02 4.731280121637389236e-08
4.200000000000000000e+02 5.200000000000000000e+02 3.416115609197067271e-08
5.200000000000000000e+02 6.200000000000000000e+02 2.679783504710456081e-08
6.200000000000000000e+02 7.200000000000000000e+02 2.164671834089574306e-08
7.200000000000000000e+02 8.200000000000000000e+02 1.653063878514346390e-08
8.200000000000000000e+02 9.200000000000000000e+02 1.323247209167755776e-08
9.200000000000000000e+02 1.020000000000000000e+03 1.223235061252731375e-08
1.020000000000000000e+03 1.120000000000000000e+03 9.746687380483784323e-09
1.120000000000000000e+03 1.220000000000000000e+03 9.147997667826935329e-09
1.220000000000000000e+03 1.320000000000000000e+03 6.948734698086109721e-09
1.320000000000000000e+03 1.420000000000000000e+03 6.201925994555533059e-09
1.420000000000000000e+03 1.520000000000000000e+03 6.182666549187736193e-09
1.520000000000000000e+03 1.620000000000000000e+03 4.732579531782716064e-09
1.620000000000000000e+03 1.720000000000000000e+03 4.115978808299906400e-09
1.720000000000000000e+03 1.820000000000000000e+03 4.773089405658859535e-09
1.820000000000000000e+03 1.920000000000000000e+03 3.072881654932229373e-09
1.920000000000000000e+03 2.020000000000000000e+03 3.423819830629027159e-09
2.020000000000000000e+03 2.120000000000000000e+03 2.147382699681707223e-09
2.120000000000000000e+03 2.220000000000000000e+03 3.091757045632834581e-09
2.220000000000000000e+03 2.320000000000000000e+03 3.102075756247051613e-09
2.320000000000000000e+03 2.420000000000000000e+03 1.915242115831545756e-09
