# multipole bin left edge,multipole bin right edge,binned MV clkk
2.000000000000000000e+01 1.200000000000000000e+02 1.928293724704490987e-07
1.200000000000000000e+02 2.200000000000000000e+02 1.164735374609122132e-07
2.200000000000000000e+02 3.200000000000000000e+02 7.012792988531257461e-08
3.200000000000000000e+02 4.200000000000000000e+02 4.770592189406176013e-08
4.200000000000000000e+02 5.200000000000000000e+02 3.530498411249397491e-08
5.200000000000000000e+02 6.200000000000000000e+02 2.644224678328069332e-08
6.200000000000000000e+02 7.200000000000000000e+02 2.063634399110036786e-08
7.200000000000000000e+02 8.200000000000000000e+02 1.575397820980811510e-08
8.200000000000000000e+02 9.200000000000000000e+02 1.381326886170976051e-08
9.200000000000000000e+02 1.020000000000000000e+03 1.262310346323429985e-08
1.020000000000000000e+03 1.120000000000000000e+03 9.178744998476070711e-09
1.120000000000000000e+03 1.220000000000000000e+03 8.044788407324125766e-09
1.220000000000000000e+03 1.320000000000000000e+03 7.803074472047450562e-09
1.320000000000000000e+03 1.420000000000000000e+03 6.994940818937702163e-09
1.420000000000000000e+03 1.520000000000000000e+03 5.376750202543441965e-09
1.520000000000000000e+03 1.620000000000000000e+03 5.439676631808345919e-09
1.620000000000000000e+03 1.720000000000000000e+03 4.813655915923591203e-09
1.720000000000000000e+03 1.820000000000000000e+03 4.605601881158613684e-09
1.820000000000000000e+03 1.920000000000000000e+03 3.976596030303644349e-09
1.920000000000000000e+03 2.020000000000000000e+03 4.813067764418118637e-09
2.020000000000000000e+03 2.120000000000000000e+03 3.275699463016834238e-09
2.120000000000000000e+03 2.220000000000000000e+03 2.432009545066880965e-09
2.220000000000000000e+03 2.320000000000000000e+03 3.238017930695790865e-09
2.320000000000000000e+03 2.420000000000000000e+03 3.272850817649063630e-09
