# multipole bin left edge,multipole bin right edge,binned MV clkk
2.000000000000000000e+01 1.200000000000000000e+02 1.932654121430917535e-07
1.200000000000000000e+02 2.200000000000000000e+02 1.115835516655490851e-07
2.200000000000000000e+02 3.200000000000000000e+02 6.742293888110283028e-08
3.200000000000000000e+02 4.200000000000000000e+02 4.757670298244936260e-08
4.200000000000000000e+02 5.200000000000000000e+02 3.420472646810306332e-08
5.200000000000000000e+02 6.200000000000000000e+02 2.589171526750538563e-08
6.200000000000000000e+02 7.200000000000000000e+02 2.125879334109010819e-08
7.200000000000000000e+02 8.200000000000000000e+02 1.673262065879025053e-08
8.200000000000000000e+02 9.200000000000000000e+02 1.353345245667870320e-08
9.200000000000000000e+02 1.020000000000000000e+03 1.157128106760380727e-08
1.020000000000000000e+03 1.120000000000000000e+03 9.921617453156359839e-09
1.120000000000000000e+03 1.220000000000000000e+03 8.857448491964797505e-09
1.220000000000000000e+03 1.320000000000000000e+03 7.859775929549032493e-09
1.320000000000000000e+03 1.420000000000000000e+03 7.120328121077007623e-09
1.420000000000000000e+03 1.520000000000000000e+03 6.034388741553501909e-09
1.520000000000000000e+03 1.620000000000000000e+03 5.668067924960098887e-09
1.620000000000000000e+03 1.720000000000000000e+03 4.636575528813538731e-09
1.720000000000000000e+03 1.820000000000000000e+03 4.505485805315388816e-09
1.820000000000000000e+03 1.920000000000000000e+03 4.719163457359087521e-09
1.920000000000000000e+03 2.020000000000000000e+03 4.223554250185161557e-09
2.020000000000000000e+03 2.120000000000000000e+03 4.237574101642581700e-09
2.120000000000000000e+03 2.220000000000000000e+03 2.836601738203154229e-09
2.220000000000000000e+03 2.320000000000000000e+03 2.541714666929743612e-09
2.320000000000000000e+03 2.420000000000000000e+03 2.475942525604325760e-09
