# multipole bin left edge,multipole bin right edge,binned MV clkk
2.000000000000000000e+01 1.200000000000000000e+02 1.965495165929327123e-07
1.200000000000000000e+02 2.200000000000000000e+02 1.121901697774177628e-07
2.200000000000000000e+02 3.200000000000000000e+02 6.709912925768731684e-08
3.200000000000000000e+02 4.200000000000000000e+02 4.741907818514134581e-08
4.200000000000000000e+02 5.200000000000000000e+02 3.432016580055060005e-08
5.200000000000000000e+02 6.200000000000000000e+02 2.526922575676362871e-08
6.200000000000000000e+02 7.200000000000000000e+02 2.203395810644007969e-08
7.200000000000000000e+02 8.200000000000000000e+02 1.692802955236926011e-08
8.200000000000000000e+02 9.200000000000000000e+02 1.289630865322812371e-08
9.200000000000000000e+02 1.020000000000000000e+03 1.225756766677118449e-08
1.020000000000000000e+03 1.120000000000000000e+03 9.800899001947272941e-09
1.120000000000000000e+03 1.220000000000000000e+03 7.674430776047971018e-09
1.220000000000000000e+03 1.320000000000000000e+03 7.603408227169307794e-09
1.320000000000000000e+03 1.420000000000000000e+03 6.773505851470368579e-09
1.420000000000000000e+03 1.520000000000000000e+03 6.363338528761736614e-09
1.520000000000000000e+03 1.620000000000000000e+03 5.411646294033443341e-09
1.620000000000000000e+03 1.720000000000000000e+03 5.491906044546769929e-09
1.720000000000000000e+03 1.820000000000000000e+03 3.966661391150689108e-09
1.820000000000000000e+03 1.920000000000000000e+03 3.964735771778331690e-09
1.920000000000000000e+03 2.020000000000000000e+03 4.075685101524618881e-09
2.020000000000000000e+03 2.120000000000000000e+03 2.458920587895294731e-09
2.120000000000000000e+03 2.220000000000000000e+03 2.682189125263947904e-09
2.220000000000000000e+03 2.320000000000000000e+03 3.674310045636682154e-09
2.320000000000000000e+03 2.420000000000000000e+03 2.871017453521912838e-09
