# multipole bin left edge,multipole bin right edge,binned MV clkk
2.000000000000000000e+01 1.200000000000000000e+02 1.961385819554663951e-07
1.200000000000000000e+02 2.200000000000000000e+02 1.086479429207137188e-07
2.200000000000000000e+02 3.200000000000000000e+02 6.786042234212228089e-08
3.200000000000000000e+02 4.200000000000000000e+02 4.747639188321115048e-08
4.200000000000000000e+02 5.200000000000000000e+02 3.425905306057052827e-08
5.200000000000000000e+02 6.200000000000000000e+02 2.645732089928839107e-08
6.200000000000000000e+02 7.200000000000000000e+02 2.031953010993446239e-08
7.200000000000000000e+02 8.200000000000000000e+02 1.643585041226238450e-08
8.200000000000000000e+02 9.200000000000000000e+02 1.275927038539987884e-08
9.200000000000000000e+02 1.020000000000000000e+03 1.165483028958343496e-08
1.020000000000000000e+03 1.120000000000000000e+03 9.277196781988138015e-09
1.120000000000000000e+03 1.220000000000000000e+03 8.117554790786785238e-09
1.220000000000000000e+03 1.320000000000000000e+03 7.127036370976327471e-09
1.320000000000000000e+03 1.420000000000000000e+03 6.449371899103259927e-09
1.420000000000000000e+03 1.520000000000000000e+03 5.057966423454402434e-09
1.520000000000000000e+03 1.620000000000000000e+03 4.815733384786980684e-09
1.620000000000000000e+03 1.720000000000000000e+03 4.480321369028094828e-09
1.720000000000000000e+03 1.820000000000000000e+03 3.940218854824193756e-09
1.820000000000000000e+03 1.920000000000000000e+03 2.533620551582262461e-09
1.920000000000000000e+03 2.020000000000000000e+03 4.117152609673468219e-09
2.020000000000000000e+03 2.120000000000000000e+03 4.175488041661571322e-09
2.120000000000000000e+03 2.220000000000000000e+03 2.445408761981777917e-09
2.220000000000000000e+03 2.320000000000000000e+03 4.762447860395746583e-10
2.320000000000000000e+03 2.420000000000000000e+03 2.711355081848912488e-09
