0.000000000000000000e+00 0.000000000000000000e+00
1.000000000000000021e-02 4.950249168745840913e-05
2.000000000000000042e-02 1.960397346613510525e-04
2.999999999999999889e-02 4.367004900968286698e-04
4.000000000000000083e-02 7.686315513218585889e-04
5.000000000000000278e-02 1.189036780625892789e-03
5.999999999999999778e-02 1.695176160451647689e-03
7.000000000000000666e-02 2.284364858769573781e-03
8.000000000000000167e-02 2.953972308437234542e-03
8.999999999999999667e-02 3.701421300348473834e-03
1.000000000000000056e-01 4.524187090179798351e-03
1.100000000000000006e-01 5.419796518543995231e-03
1.199999999999999956e-01 6.385827144363533450e-03
1.300000000000000044e-01 7.419906391278744198e-03
1.400000000000000133e-01 8.519710706908299042e-03
1.499999999999999944e-01 9.682964734781900756e-03
1.600000000000000033e-01 1.090744049876750561e-02
1.700000000000000122e-01 1.219095659981774687e-02
1.799999999999999933e-01 1.353137742486260585e-02
1.900000000000000022e-01 1.492661236767768920e-02
2.000000000000000111e-01 1.637461506155963795e-02
2.099999999999999922e-01 1.787338262364262381e-02
2.200000000000000011e-01 1.942095491069197738e-02
2.300000000000000100e-01 2.101541378621318498e-02
2.399999999999999911e-01 2.265488239871673790e-02
2.500000000000000000e-01 2.433752447098140245e-02
2.600000000000000089e-01 2.606154360016054231e-02
2.700000000000000178e-01 2.782518256857829941e-02
2.800000000000000266e-01 2.962672266506444219e-02
2.899999999999999800e-01 3.146448301667866682e-02
2.999999999999999889e-01 3.333681993067730276e-02
3.099999999999999978e-01 3.524212624657709764e-02
3.200000000000000067e-01 3.717883069817298075e-02
3.300000000000000155e-01 3.914539728536838709e-02
3.400000000000000244e-01 4.114032465567884350e-02
3.500000000000000333e-01 4.316214549527120498e-02
3.599999999999999867e-01 4.520942592940280919e-02
3.699999999999999956e-01 4.728076493212692716e-02
3.800000000000000044e-01 4.937479374513208813e-02
3.900000000000000133e-01 5.149017530558542416e-02
4.000000000000000222e-01 5.362560368285115842e-02
4.100000000000000311e-01 5.577980352395765090e-02
4.199999999999999845e-01 5.795152950768799743e-02
4.299999999999999933e-01 6.013956580717060713e-02
4.400000000000000022e-01 6.234272556084808486e-02
4.500000000000000111e-01 6.455985035170455633e-02
4.600000000000000200e-01 6.678980969463277351e-02
4.700000000000000289e-01 6.903150053182431634e-02
4.799999999999999822e-01 7.128384673606742716e-02
4.899999999999999911e-01 7.354579862183914518e-02
5.000000000000000000e-01 7.581633246407917803e-02
5.100000000000000089e-01 7.809445002453517526e-02
5.200000000000000178e-01 8.037917808557028254e-02
5.300000000000000266e-01 8.266956799132499367e-02
5.400000000000000355e-01 8.496469519612769028e-02
5.500000000000000444e-01 8.726365882004862018e-02
5.600000000000000533e-01 8.956558121149418850e-02
5.700000000000000622e-01 9.186960751673982351e-02
5.799999999999999600e-01 9.417490525630062281e-02
5.899999999999999689e-01 9.648066390804095616e-02
5.999999999999999778e-01 9.878609449692474231e-02
6.099999999999999867e-01 1.010904291913106851e-01
6.199999999999999956e-01 1.033929209056964338e-01
6.300000000000000044e-01 1.056928429098187572e-01
6.400000000000000133e-01 1.079894884440163461e-01
6.500000000000000222e-01 1.102821703407646514e-01
6.600000000000000311e-01 1.125702206522920940e-01
6.700000000000000400e-01 1.148529902841894657e-01
6.800000000000000488e-01 1.171298486349243301e-01
6.900000000000000577e-01 1.194001832411745179e-01
7.000000000000000666e-01 1.216633994288953413e-01
7.099999999999999645e-01 1.239189199700362481e-01
7.199999999999999734e-01 1.261661847448246609e-01
7.299999999999999822e-01 1.284046504095344154e-01
7.399999999999999911e-01 1.306337900696591947e-01
7.500000000000000000e-01 1.328530929584103848e-01
7.600000000000000089e-01 1.350620641204617889e-01
7.700000000000000178e-01 1.372602241008635537e-01
7.800000000000000266e-01 1.394471086390489944e-01
7.900000000000000355e-01 1.416222683678591554e-01
8.000000000000000444e-01 1.437852685175109169e-01
8.100000000000000533e-01 1.459356886244358720e-01
8.200000000000000622e-01 1.480731222449169771e-01
8.300000000000000711e-01 1.501971766734529479e-01
8.399999999999999689e-01 1.523074726657792921e-01
8.499999999999999778e-01 1.544036441664775050e-01
8.599999999999999867e-01 1.564853380411035111e-01
8.699999999999999956e-01 1.585522138127689884e-01
8.800000000000000044e-01 1.606039434031082958e-01
8.900000000000000133e-01 1.626402108775664435e-01
9.000000000000000222e-01 1.646607121949426600e-01
9.100000000000000311e-01 1.666651549611269933e-01
9.200000000000000400e-01 1.686532581869663872e-01
9.300000000000000488e-01 1.706247520501989190e-01
9.400000000000000577e-01 1.725793776613946395e-01
9.500000000000000666e-01 1.745168868338436707e-01
9.599999999999999645e-01 1.764370418573316390e-01
9.699999999999999734e-01 1.783396152757439623e-01
9.799999999999999822e-01 1.802243896684420643e-01
9.899999999999999911e-01 1.820911574353535067e-01
1.000000000000000000e+00 1.839397205857211670e-01
1.010000000000000009e+00 1.857698905304554782e-01
1.020000000000000018e+00 1.875814878780353301e-01
1.030000000000000027e+00 1.893743422339042304e-01
1.040000000000000036e+00 1.911482920033083233e-01
1.050000000000000044e+00 1.929031841975243911e-01
1.060000000000000053e+00 1.946388742434262686e-01
1.070000000000000062e+00 1.963552257963386283e-01
1.080000000000000071e+00 1.980521105561285078e-01
1.090000000000000080e+00 1.997294080864849553e-01
1.100000000000000089e+00 2.013870056373381623e-01
1.110000000000000098e+00 2.030247979703702632e-01
1.120000000000000107e+00 2.046426871875703934e-01
1.130000000000000115e+00 2.062405825627874056e-01
1.140000000000000124e+00 2.078184003762342802e-01
1.150000000000000133e+00 2.093760637518989332e-01
1.159999999999999920e+00 2.109135024978168460e-01
1.169999999999999929e+00 2.124306529491611917e-01
1.179999999999999938e+00 2.139274578141075467e-01
1.189999999999999947e+00 2.154038660224298074e-01
1.199999999999999956e+00 2.168598325767855384e-01
1.209999999999999964e+00 2.182953184066490637e-01
1.219999999999999973e+00 2.197102902248513623e-01
1.229999999999999982e+00 2.211047203866861044e-01
1.239999999999999991e+00 2.224785867515421123e-01
1.250000000000000000e+00 2.238318725470234971e-01
1.260000000000000009e+00 2.251645662355177546e-01
1.270000000000000018e+00 2.264766613831743769e-01
1.280000000000000027e+00 2.277681565312566492e-01
1.290000000000000036e+00 2.290390550698284400e-01
1.300000000000000044e+00 2.302893651137406517e-01
1.310000000000000053e+00 2.315190993808805553e-01
1.320000000000000062e+00 2.327282750726488436e-01
1.330000000000000071e+00 2.339169137566293188e-01
1.340000000000000080e+00 2.350850412514167154e-01
1.350000000000000089e+00 2.362326875135686566e-01
1.360000000000000098e+00 2.373598865266485225e-01
1.370000000000000107e+00 2.384666761923254497e-01
1.380000000000000115e+00 2.395530982235001272e-01
1.390000000000000124e+00 2.406191980394230823e-01
1.400000000000000133e+00 2.416650246627743692e-01
1.409999999999999920e+00 2.426906306186741302e-01
1.419999999999999929e+00 2.436960718355921374e-01
1.429999999999999938e+00 2.446814075481268114e-01
1.439999999999999947e+00 2.456467002016238244e-01
1.449999999999999956e+00 2.465920153586047825e-01
1.459999999999999964e+00 2.475174216069769284e-01
1.469999999999999973e+00 2.484229904699957470e-01
1.479999999999999982e+00 2.493087963179516919e-01
1.489999999999999991e+00 2.501749162815539718e-01
1.500000000000000000e+00 2.510214301669835280e-01
1.510000000000000009e+00 2.518484203725890880e-01
1.520000000000000018e+00 2.526559718071984539e-01
1.530000000000000027e+00 2.534441718100204910e-01
1.540000000000000036e+00 2.542131100721104486e-01
1.550000000000000044e+00 2.549628785593751057e-01
1.560000000000000053e+00 2.556935714370905388e-01
1.570000000000000062e+00 2.564052849959098657e-01
1.580000000000000071e+00 2.570981175793355389e-01
1.590000000000000080e+00 2.577721695126324875e-01
1.600000000000000089e+00 2.584275430331589574e-01
1.610000000000000098e+00 2.590643422220910708e-01
1.620000000000000107e+00 2.596826729375191767e-01
1.630000000000000115e+00 2.602826427488927341e-01
1.640000000000000124e+00 2.608643608727914676e-01
1.650000000000000133e+00 2.614279381100015343e-01
1.660000000000000142e+00 2.619734867838749426e-01
1.669999999999999929e+00 2.625011206799504615e-01
1.679999999999999938e+00 2.630109549868153151e-01
1.689999999999999947e+00 2.635031062381882894e-01
1.699999999999999956e+00 2.639776922562015460e-01
1.709999999999999964e+00 2.644348320958633258e-01
1.719999999999999973e+00 2.648746459906807238e-01
1.729999999999999982e+00 2.652972552994236621e-01
1.739999999999999991e+00 2.657027824540098560e-01
1.750000000000000000e+00 2.660913509084941175e-01
1.760000000000000009e+00 2.664630850891406832e-01
1.770000000000000018e+00 2.668181103455626313e-01
1.780000000000000027e+00 2.671565529029090169e-01
1.790000000000000036e+00 2.674785398150825166e-01
1.800000000000000044e+00 2.677841989189702065e-01
1.810000000000000053e+00 2.680736587896693779e-01
1.820000000000000062e+00 2.683470486966932911e-01
1.830000000000000071e+00 2.686044985611380498e-01
1.840000000000000080e+00 2.688461389137953295e-01
1.850000000000000089e+00 2.690721008541952508e-01
1.860000000000000098e+00 2.692825160105618010e-01
1.870000000000000107e+00 2.694775165006665363e-01
1.880000000000000115e+00 2.696572348935651897e-01
1.890000000000000124e+00 2.698218041722001415e-01
1.900000000000000133e+00 2.699713576968562623e-01
1.910000000000000142e+00 2.701060291694533100e-01
1.919999999999999929e+00 2.702259525986613897e-01
1.929999999999999938e+00 2.703312622658249897e-01
1.939999999999999947e+00 2.704220926916813816e-01
1.949999999999999956e+00 2.704985786038589524e-01
1.959999999999999964e+00 2.705608549051431999e-01
1.969999999999999973e+00 2.706090566424955712e-01
1.979999999999999982e+00 2.706433189768120973e-01
1.989999999999999991e+00 2.706637771534095016e-01
2.000000000000000000e+00 2.706705664732254046e-01
2.010000000000000231e+00 2.706638222647194669e-01
2.020000000000000018e+00 2.706436798564643142e-01
2.030000000000000249e+00 2.706102745504125329e-01
2.040000000000000036e+00 2.705637415958286329e-01
2.049999999999999822e+00 2.705042161638736009e-01
2.060000000000000053e+00 2.704318333228306614e-01
2.069999999999999840e+00 2.703467280139603135e-01
2.080000000000000071e+00 2.702490350279734832e-01
2.089999999999999858e+00 2.701388889821121908e-01
2.100000000000000089e+00 2.700164242978251306e-01
2.109999999999999876e+00 2.698817751790292818e-01
2.120000000000000107e+00 2.697350755909456166e-01
2.129999999999999893e+00 2.695764592394986336e-01
2.140000000000000124e+00 2.694060595512700051e-01
2.149999999999999911e+00 2.692240096539948446e-01
2.160000000000000142e+00 2.690304423575922699e-01
2.169999999999999929e+00 2.688254901357189919e-01
2.180000000000000160e+00 2.686092851078369370e-01
2.189999999999999947e+00 2.683819590217855211e-01
2.200000000000000178e+00 2.681436432368480283e-01
2.209999999999999964e+00 2.678944687073046560e-01
2.220000000000000195e+00 2.676345659664614574e-01
2.229999999999999982e+00 2.673640651111473532e-01
2.240000000000000213e+00 2.670830957866694999e-01
2.250000000000000000e+00 2.667917871722190748e-01
2.260000000000000231e+00 2.664902679667189300e-01
2.270000000000000018e+00 2.661786663751035120e-01
2.280000000000000249e+00 2.658571100950249955e-01
2.290000000000000036e+00 2.655257263039749738e-01
2.300000000000000266e+00 2.651846416468158218e-01
2.310000000000000053e+00 2.648339822237126273e-01
2.319999999999999840e+00 2.644738735784577521e-01
2.330000000000000071e+00 2.641044406871821959e-01
2.339999999999999858e+00 2.637258079474437689e-01
2.350000000000000089e+00 2.633380991676864125e-01
2.359999999999999876e+00 2.629414375570627294e-01
2.370000000000000107e+00 2.625359457156132836e-01
2.379999999999999893e+00 2.621217456247942335e-01
2.390000000000000124e+00 2.616989586383476896e-01
2.399999999999999911e+00 2.612677054735080273e-01
2.410000000000000142e+00 2.608281062025357699e-01
2.419999999999999929e+00 2.603802802445751019e-01
2.430000000000000160e+00 2.599243463578258528e-01
2.439999999999999947e+00 2.594604226320258999e-01
2.450000000000000178e+00 2.589886264812357730e-01
2.459999999999999964e+00 2.585090746369205772e-01
2.470000000000000195e+00 2.580218831413230718e-01
2.479999999999999982e+00 2.575271673411210216e-01
2.490000000000000213e+00 2.570250418813640469e-01
2.500000000000000000e+00 2.565156206996837551e-01
2.510000000000000231e+00 2.559990170207708804e-01
2.520000000000000018e+00 2.554753433511154359e-01
2.530000000000000249e+00 2.549447114740023279e-01
2.540000000000000036e+00 2.544072324447592681e-01
2.550000000000000266e+00 2.538630165862491572e-01
2.560000000000000053e+00 2.533121734846046080e-01
2.569999999999999840e+00 2.527548119851965591e-01
2.580000000000000071e+00 2.521910401888343700e-01
2.589999999999999858e+00 2.516209654481909030e-01
2.600000000000000089e+00 2.510446943644485396e-01
2.609999999999999876e+00 2.504623327841605795e-01
2.620000000000000107e+00 2.498739857963244437e-01
2.629999999999999893e+00 2.492797577296606004e-01
2.640000000000000124e+00 2.486797521500941355e-01
2.649999999999999911e+00 2.480740718584334148e-01
2.660000000000000142e+00 2.474628188882417312e-01
2.669999999999999929e+00 2.468460945038983279e-01
2.680000000000000160e+00 2.462239991988428855e-01
2.689999999999999947e+00 2.455966326940014766e-01
2.700000000000000178e+00 2.449640939363879055e-01
2.709999999999999964e+00 2.443264810978776347e-01
2.720000000000000195e+00 2.436838915741498246e-01
2.729999999999999982e+00 2.430364219837937989e-01
2.740000000000000213e+00 2.423841681675758253e-01
2.750000000000000000e+00 2.417272251878629930e-01
2.760000000000000231e+00 2.410656873281995516e-01
2.770000000000000018e+00 2.403996480930334634e-01
2.780000000000000249e+00 2.397292002075879502e-01
2.790000000000000036e+00 2.390544356178762597e-01
2.800000000000000266e+00 2.383754454908544318e-01
2.810000000000000053e+00 2.376923202147103731e-01
2.819999999999999840e+00 2.370051493992846869e-01
2.830000000000000071e+00 2.363140218766204281e-01
2.839999999999999858e+00 2.356190257016389233e-01
2.850000000000000089e+00 2.349202481529376885e-01
2.859999999999999876e+00 2.342177757337083610e-01
2.870000000000000107e+00 2.335116941727704842e-01
2.879999999999999893e+00 2.328020884257193668e-01
2.890000000000000124e+00 2.320890426761838266e-01
2.899999999999999911e+00 2.313726403371924034e-01
2.910000000000000142e+00 2.306529640526433778e-01
2.919999999999999929e+00 2.299300956988777622e-01
2.930000000000000160e+00 2.292041163863512421e-01
2.939999999999999947e+00 2.284751064614025939e-01
2.950000000000000178e+00 2.277431455081164180e-01
2.959999999999999964e+00 2.270083123502773248e-01
2.970000000000000195e+00 2.262706850534126624e-01
2.979999999999999982e+00 2.255303409269223403e-01
2.990000000000000213e+00 2.247873565262918372e-01
3.000000000000000000e+00 2.240418076553877536e-01
3.010000000000000231e+00 2.232937693688316072e-01
3.020000000000000018e+00 2.225433159744515110e-01
3.030000000000000249e+00 2.217905210358078194e-01
3.040000000000000036e+00 2.210354573747918272e-01
3.050000000000000266e+00 2.202781970742941908e-01
3.060000000000000053e+00 2.195188114809420998e-01
3.070000000000000284e+00 2.187573712079019239e-01
3.080000000000000071e+00 2.179939461377464749e-01
3.089999999999999858e+00 2.172286054253836085e-01
3.100000000000000089e+00 2.164614175010452501e-01
3.109999999999999876e+00 2.156924500733346239e-01
3.120000000000000107e+00 2.149217701323291041e-01
3.129999999999999893e+00 2.141494439527378280e-01
3.140000000000000124e+00 2.133755370971114895e-01
3.149999999999999911e+00 2.126001144191031200e-01
3.160000000000000142e+00 2.118232400667772741e-01
3.169999999999999929e+00 2.110449774859669836e-01
3.180000000000000160e+00 2.102653894236757581e-01
3.189999999999999947e+00 2.094845379315236067e-01
3.200000000000000178e+00 2.087024843692350529e-01
3.209999999999999964e+00 2.079192894081680620e-01
3.220000000000000195e+00 2.071350130348819374e-01
3.229999999999999982e+00 2.063497145547425193e-01
3.240000000000000213e+00 2.055634525955633563e-01
3.250000000000000000e+00 2.047762851112818472e-01
3.260000000000000231e+00 2.039882693856681362e-01
3.270000000000000018e+00 2.031994620360657033e-01
3.280000000000000249e+00 2.024099190171622376e-01
3.290000000000000036e+00 2.016196956247897631e-01
3.300000000000000266e+00 2.008288464997518008e-01
3.310000000000000053e+00 2.000374256316776178e-01
3.320000000000000284e+00 1.992454863629005979e-01
3.330000000000000071e+00 1.984530813923614245e-01
3.339999999999999858e+00 1.976602627795328859e-01
3.350000000000000089e+00 1.968670819483666623e-01
3.359999999999999876e+00 1.960735896912602083e-01
3.370000000000000107e+00 1.952798361730426202e-01
3.379999999999999893e+00 1.944858709349783499e-01
3.390000000000000124e+00 1.936917428987879886e-01
3.399999999999999911e+00 1.928975003706847324e-01
3.410000000000000142e+00 1.921031910454254477e-01
3.419999999999999929e+00 1.913088620103756965e-01
3.430000000000000160e+00 1.905145597495870313e-01
3.439999999999999947e+00 1.897203301478865844e-01
3.450000000000000178e+00 1.889262184949768442e-01
3.459999999999999964e+00 1.881322694895454506e-01
3.470000000000000195e+00 1.873385272433838455e-01
3.479999999999999982e+00 1.865450352855143323e-01
3.490000000000000213e+00 1.857518365663230475e-01
3.500000000000000000e+00 1.849589734617008152e-01
3.510000000000000231e+00 1.841664877771879427e-01
3.520000000000000018e+00 1.833744207521245118e-01
3.530000000000000249e+00 1.825828130638040558e-01
3.540000000000000036e+00 1.817917048316303186e-01
3.550000000000000266e+00 1.810011356212762046e-01
3.560000000000000053e+00 1.802111444488443681e-01
3.570000000000000284e+00 1.794217697850283566e-01
3.580000000000000071e+00 1.786330495592739209e-01
3.589999999999999858e+00 1.778450211639395762e-01
3.600000000000000089e+00 1.770577214584558023e-01
3.609999999999999876e+00 1.762711867734826354e-01
3.620000000000000107e+00 1.754854529150638442e-01
3.629999999999999893e+00 1.747005551687788594e-01
3.640000000000000124e+00 1.739165283038896226e-01
3.649999999999999911e+00 1.731334065774840503e-01
3.660000000000000142e+00 1.723512237386136403e-01
3.669999999999999929e+00 1.715700130324259720e-01
3.680000000000000160e+00 1.707898072042905169e-01
3.689999999999999947e+00 1.700106385039181767e-01
3.700000000000000178e+00 1.692325386894731332e-01
3.709999999999999964e+00 1.684555390316772594e-01
3.720000000000000195e+00 1.676796703179059822e-01
3.729999999999999982e+00 1.669049628562755405e-01
3.740000000000000213e+00 1.661314464797209178e-01
3.750000000000000000e+00 1.653591505500640324e-01
3.760000000000000231e+00 1.645881039620719355e-01
3.770000000000000018e+00 1.638183351475041571e-01
3.780000000000000249e+00 1.630498720791491996e-01
3.790000000000000036e+00 1.622827422748497894e-01
3.800000000000000266e+00 1.615169728015155848e-01
3.810000000000000053e+00 1.607525902791246686e-01
3.820000000000000284e+00 1.599896208847115808e-01
3.830000000000000071e+00 1.592280903563428607e-01
3.839999999999999858e+00 1.584680239970789883e-01
3.850000000000000089e+00 1.577094466789228100e-01
3.859999999999999876e+00 1.569523828467540572e-01
3.870000000000000107e+00 1.561968565222491556e-01
3.879999999999999893e+00 1.554428913077868235e-01
3.890000000000000124e+00 1.546905103903381817e-01
3.899999999999999911e+00 1.539397365453423761e-01
3.910000000000000142e+00 1.531905921405657123e-01
3.919999999999999929e+00 1.524430991399457758e-01
3.930000000000000160e+00 1.516972791074190641e-01
3.939999999999999947e+00 1.509531532107323271e-01
3.950000000000000178e+00 1.502107422252372260e-01
3.959999999999999964e+00 1.494700665376685056e-01
3.970000000000000195e+00 1.487311461499045417e-01
3.979999999999999982e+00 1.479940006827111243e-01
3.990000000000000213e+00 1.472586493794671714e-01
4.000000000000000000e+00 1.465251111098734293e-01
