1.000000000000000000e+01 5.079000000000000181e-03 6.289999999999999584e-03
1.350000000000000000e+01 8.805999999999999592e-03 6.147999999999999819e-03
1.800000000000000000e+01 1.362999999999999975e-02 5.794999999999999804e-03
2.350000000000000000e+01 2.961199999999999943e-02 8.049999999999999864e-03
3.050000000000000000e+01 2.240899999999999836e-02 5.215000000000000017e-03
4.000000000000000000e+01 2.848600000000000090e-02 4.644999999999999823e-03
5.250000000000000000e+01 4.275600000000000234e-02 4.682999999999999663e-03
6.850000000000000000e+01 4.580100000000000143e-02 4.290000000000000410e-03
8.950000000000000000e+01 7.104299999999999504e-02 4.542000000000000030e-03
1.170000000000000000e+02 1.191439999999999999e-01 5.618999999999999863e-03
1.525000000000000000e+02 1.514989999999999948e-01 5.936000000000000304e-03
1.980000000000000000e+02 1.939029999999999920e-01 6.112000000000000245e-03
2.575000000000000000e+02 2.817509999999999737e-01 6.871999999999999637e-03
3.355000000000000000e+02 3.983709999999999751e-01 8.238000000000000531e-03
4.365000000000000000e+02 5.674280000000000435e-01 9.580999999999999239e-03
5.675000000000000000e+02 7.686560000000000059e-01 1.242399999999999928e-02
7.380000000000000000e+02 1.110114000000000045e+00 1.645399999999999988e-02
9.595000000000000000e+02 1.661413999999999946e+00 2.402299999999999922e-02
