1.000000000000000000e+01 0.000000000000000000e+00 4.300000000000000165e-05 6.999999999999999895e-06 6.401000000000000209e-07
1.350000000000000000e+01 0.000000000000000000e+00 1.420000000000000092e-04 2.400000000000000061e-05 1.166599999999999977e-06
1.800000000000000000e+01 0.000000000000000000e+00 2.959999999999999849e-04 4.800000000000000122e-05 2.074300000000000198e-06
2.350000000000000000e+01 0.000000000000000000e+00 4.000000000000000192e-04 7.299999999999999903e-05 3.536499999999999937e-06
3.050000000000000000e+01 9.020000000000000240e-04 5.410000000000000312e-04 1.110000000000000011e-04 5.959699999999999877e-06
4.000000000000000000e+01 2.010000000000000068e-03 1.056000000000000081e-03 2.239999999999999966e-04 1.025800000000000072e-05
5.250000000000000000e+01 3.118999999999999811e-03 1.647000000000000026e-03 4.490000000000000176e-04 1.769339999999999902e-05
6.850000000000000000e+01 6.277999999999999726e-03 2.786999999999999981e-03 8.369999999999999619e-04 3.018530000000000049e-05
8.950000000000000000e+01 1.224199999999999941e-02 4.305999999999999932e-03 1.399999999999999986e-03 5.171790000000000165e-05
1.170000000000000000e+02 2.158399999999999902e-02 6.841999999999999992e-03 2.700999999999999842e-03 8.893469999999999403e-05
1.525000000000000000e+02 4.591499999999999748e-02 1.126399999999999971e-02 4.721000000000000370e-03 1.526847000000000122e-04
1.980000000000000000e+02 7.058200000000000585e-02 1.674399999999999847e-02 8.115000000000000685e-03 2.619278000000000166e-04
2.575000000000000000e+02 1.197860000000000036e-01 2.734500000000000125e-02 1.461800000000000078e-02 4.563659999999999874e-04
3.355000000000000000e+02 2.116860000000000130e-01 4.327500000000000097e-02 2.489299999999999846e-02 8.150282000000000446e-04
4.365000000000000000e+02 3.328630000000000200e-01 7.058699999999999697e-02 5.156999999999999779e-02 1.502764100000000000e-03
5.675000000000000000e+02 4.349310000000000120e-01 1.153560000000000002e-01 1.072929999999999995e-01 2.934224300000000136e-03
7.380000000000000000e+02 6.020299999999999541e-01 1.549260000000000081e-01 1.970530000000000059e-01 6.334076600000000321e-03
9.595000000000000000e+02 7.547329999999999872e-01 2.071999999999999953e-01 3.617130000000000067e-01 1.617079800000000012e-02
